id	type	x	y	z	theta	gyokaku	range	spotAngle	intensity	color
1	spot	30	103.5	36.5	0	0	200	75	1.7	0.9493953,0.8295988,0.9989137,1
2	spot	79.67895	103.5	86.2	0	0	200	75	1.7	0.9493953,0.8295988,0.9989137,1
3	spot	30	103.5	135.9	0	0	200	60	1.7	0.9493953,0.8295988,0.9989137,1
4	spot	-35.47158	103.5	154.5474	40	270	200	45	2	0.9493953,0.8295988,0.9989137,1
6	spot	45.47158	103.5	154.5474	40	270	200	45	2	0.9493953,0.8295988,0.9989137,1
8	spot	56.17895	103.5	194.6678	40	0	200	45	2	0.9493953,0.8295988,0.9989137,1
10	spot	56.17895	103.5	108.6316	40	0	200	45	2	0.9493953,0.8295988,0.9989137,1
12	spot	56.17895	103.5	22.59537	40	0	200	45	2	0.9493953,0.8295988,0.9989137,1
13	spot	0	103.5	107.5453	60	180	200	40	3.6	0.9493953,0.8295988,0.9989137,1
