id	data	x	y	z	theta	size	parent	uniqueCode
1	Images/4326/sec0/sec0_01.jpg,Wooden_thin2	4	7.699999999999999	-195.0	0,11.09834,0	1.4	1	11
2	Images/4326/sec1/sec1_01.jpg,Wooden_thin2	4	7.699999999999999	-179.4	0,11.09834,0	1.4	1	12
3	Images/4326/sec1/sec1_02.jpg,Wooden_thin2	4	7.699999999999999	-163.8	0,11.09834,0	1.4	1	13
4	Images/4326/sec2/sec2_01.jpg,Wooden_thin2	4	7.699999999999999	-148.2	0,11.09834,0	1.4	1	14
5	Images/4326/sec2/sec2_02.jpg,Wooden_thin2	4	7.699999999999999	-132.6	0,11.09834,0	1.4	1	15
6	Images/4326/sec2/sec2_03.jpg,Wooden_thin2	4	7.699999999999999	-117.0	0,11.09834,0	1.4	1	16
7	Images/4326/sec2/sec2_04.jpg,Wooden_thin2	4	7.699999999999999	-101.4	0,11.09834,0	1.4	1	17
8	Images/4326/sec2/sec2_05.jpg,Wooden_thin2	4	7.699999999999999	-85.8	0,11.09834,0	1.4	1	18
9	Images/4326/sec2/sec2_06.jpg,Wooden_thin2	4	7.699999999999999	-70.2	0,11.09834,0	1.4	1	19
10	Images/4326/sec2/sec2_07.jpg,Wooden_thin2	4	7.699999999999999	-54.599999999999994	0,11.09834,0	1.4	1	20
11	Images/4326/sec2/sec2_08.jpg,Wooden_thin2	4	7.699999999999999	-39.0	0,11.09834,0	1.4	1	21
12	Images/4326/sec2/sec2_09.jpg,Wooden_thin2	4	7.699999999999999	-23.400000000000006	0,11.09834,0	1.4	1	22
13	Images/4326/sec2/sec2_10.jpg,Wooden_thin2	4	7.699999999999999	-7.800000000000011	0,11.09834,0	1.4	1	23
14	Images/4326/sec2/sec2_11.jpg,Wooden_thin2	4	7.699999999999999	7.799999999999983	0,11.09834,0	1.4	1	24
15	Images/4326/sec2/sec2_12.jpg,Wooden_thin2	4	7.699999999999999	23.400000000000006	0,11.09834,0	1.4	1	25
16	Images/4326/sec2/sec2_13.jpg,Wooden_thin2	4	7.699999999999999	39.0	0,11.09834,0	1.4	1	26
17	Images/4326/sec2/sec2_14.jpg,Wooden_thin2	4	7.699999999999999	54.599999999999994	0,11.09834,0	1.4	1	27
18	Images/4326/sec2/sec2_15.jpg,Wooden_thin2	4	7.699999999999999	70.19999999999999	0,11.09834,0	1.4	1	28
19	Images/4326/sec2/sec2_16.jpg,Wooden_thin2	4	7.699999999999999	85.80000000000001	0,11.09834,0	1.4	1	29
20	Images/4326/sec2/sec2_17.jpg,Wooden_thin2	4	7.699999999999999	101.39999999999998	0,11.09834,0	1.4	1	30
21	Images/4326/sec2/sec2_18.jpg,Wooden_thin2	4	7.699999999999999	117.0	0,11.09834,0	1.4	1	31
22	Images/4326/sec2/sec2_19.jpg,Wooden_thin2	4	7.699999999999999	132.59999999999997	0,11.09834,0	1.4	1	32
23	Images/4326/sec2/sec2_20.jpg,Wooden_thin2	4	7.699999999999999	148.2	0,11.09834,0	1.4	1	33
24	Images/4326/sec2/sec2_21.jpg,Wooden_thin2	4	7.699999999999999	163.8	0,11.09834,0	1.4	1	34
25	Images/4326/sec2/sec2_22.jpg,Wooden_thin2	4	7.699999999999999	179.39999999999998	0,11.09834,0	1.4	1	35
26	Images/4326/sec2/sec2_23.jpg,Wooden_thin2	4	7.699999999999999	195.0	0,11.09834,0	1.4	1	36
27	Images/4326/sec2/sec2_24.jpg,Wooden_thin2	4	7.699999999999999	-195.0	0,11.09834,0	1.4	2	37
28	Images/4326/sec2/sec2_25.jpg,Wooden_thin2	4	7.699999999999999	-179.4	0,11.09834,0	1.4	2	38
29	Images/4326/sec2/sec2_26.jpg,Wooden_thin2	4	7.699999999999999	-163.8	0,11.09834,0	1.4	2	39
30	Images/4326/sec3/sec3_01.jpg,Wooden_thin2	4	7.699999999999999	-148.2	0,11.09834,0	1.4	2	40
31	Images/4326/sec3/sec3_02.jpg,Wooden_thin2	4	7.699999999999999	-132.6	0,11.09834,0	1.4	2	41
32	Images/4326/sec3/sec3_03.jpg,Wooden_thin2	4	7.699999999999999	-117.0	0,11.09834,0	1.4	2	42
33	Images/4326/sec3/sec3_04.jpg,Wooden_thin2	4	7.699999999999999	-101.4	0,11.09834,0	1.4	2	43
34	Images/4326/sec3/sec3_05.jpg,Wooden_thin2	4	7.699999999999999	-85.8	0,11.09834,0	1.4	2	44
35	Images/4326/sec3/sec3_06.jpg,Wooden_thin2	4	7.699999999999999	-70.2	0,11.09834,0	1.4	2	45
36	Images/4326/sec3/sec3_07.jpg,Wooden_thin2	4	7.699999999999999	-54.599999999999994	0,11.09834,0	1.4	2	46
37	Images/4326/sec3/sec3_08.jpg,Wooden_thin2	4	7.699999999999999	-39.0	0,11.09834,0	1.4	2	47
38	Images/4326/sec3/sec3_09.jpg,Wooden_thin2	4	7.699999999999999	-23.400000000000006	0,11.09834,0	1.4	2	48
39	Images/4326/sec3/sec3_10.jpg,Wooden_thin2	4	7.699999999999999	-7.800000000000011	0,11.09834,0	1.4	2	49
40	Images/4326/sec3/sec3_11.jpg,Wooden_thin2	4	7.699999999999999	7.799999999999983	0,11.09834,0	1.4	2	50
41	Images/4326/sec3/sec3_12.jpg,Wooden_thin2	4	7.699999999999999	23.400000000000006	0,11.09834,0	1.4	2	51
42	Images/4326/sec3/sec3_13.jpg,Wooden_thin2	4	7.699999999999999	39.0	0,11.09834,0	1.4	2	52
43	Images/4326/sec3/sec3_14.jpg,Wooden_thin2	4	7.699999999999999	54.599999999999994	0,11.09834,0	1.4	2	53
44	Images/4326/sec3/sec3_15.jpg,Wooden_thin2	4	7.699999999999999	70.19999999999999	0,11.09834,0	1.4	2	54
45	Images/4326/sec3/sec3_16.jpg,Wooden_thin2	4	7.699999999999999	85.80000000000001	0,11.09834,0	1.4	2	55
46	Images/4326/sec3/sec3_17.jpg,Wooden_thin2	4	7.699999999999999	101.39999999999998	0,11.09834,0	1.4	2	56
47	Images/4326/sec3/sec3_18.jpg,Wooden_thin2	4	7.699999999999999	117.0	0,11.09834,0	1.4	2	57
48	Images/4326/sec3/sec3_19.jpg,Wooden_thin2	4	7.699999999999999	132.59999999999997	0,11.09834,0	1.4	2	58
49	Images/4326/sec3/sec3_20.jpg,Wooden_thin2	4	7.699999999999999	148.2	0,11.09834,0	1.4	2	59
50	Images/4326/sec3/sec3_21.jpg,Wooden_thin2	4	7.699999999999999	163.8	0,11.09834,0	1.4	2	60
51	Images/4326/sec3/sec3_22.jpg,Wooden_thin2	4	7.699999999999999	179.39999999999998	0,11.09834,0	1.4	2	61
52	Images/4326/sec3/sec3_23.jpg,Wooden_thin2	4	7.699999999999999	195.0	0,11.09834,0	1.4	2	62
53	Images/4326/sec3/sec3_24.jpg,Wooden_thin2	4	7.699999999999999	-195.0	0,11.09834,0	1.4	3	63
54	Images/4326/sec3/sec3_25.jpg,Wooden_thin2	4	7.699999999999999	-179.4	0,11.09834,0	1.4	3	64
55	Images/4326/sec3/sec3_26.jpg,Wooden_thin2	4	7.699999999999999	-163.8	0,11.09834,0	1.4	3	65
56	Images/4326/sec3/sec3_27.jpg,Wooden_thin2	4	7.699999999999999	-148.2	0,11.09834,0	1.4	3	66
57	Images/4326/sec3/sec3_28.jpg,Wooden_thin2	4	7.699999999999999	-132.6	0,11.09834,0	1.4	3	67
58	Images/4326/sec3/sec3_29.jpg,Wooden_thin2	4	7.699999999999999	-117.0	0,11.09834,0	1.4	3	68
59	Images/4326/sec3/sec3_30.jpg,Wooden_thin2	4	7.699999999999999	-101.4	0,11.09834,0	1.4	3	69
60	Images/4326/sec3/sec3_31.jpg,Wooden_thin2	4	7.699999999999999	-85.8	0,11.09834,0	1.4	3	70
61	Images/4326/sec3/sec3_32.jpg,Wooden_thin2	4	7.699999999999999	-70.2	0,11.09834,0	1.4	3	71
62	Images/4326/sec3/sec3_33.jpg,Wooden_thin2	4	7.699999999999999	-54.599999999999994	0,11.09834,0	1.4	3	72
63	Images/4326/sec3/sec3_34.jpg,Wooden_thin2	4	7.699999999999999	-39.0	0,11.09834,0	1.4	3	73
64	Images/4326/sec3/sec3_35.jpg,Wooden_thin2	4	7.699999999999999	-23.400000000000006	0,11.09834,0	1.4	3	74
65	Images/4326/sec3/sec3_36.jpg,Wooden_thin2	4	7.699999999999999	-7.800000000000011	0,11.09834,0	1.4	3	75
66	Images/4326/sec3/sec3_37.jpg,Wooden_thin2	4	7.699999999999999	7.799999999999983	0,11.09834,0	1.4	3	76
67	Images/4326/sec3/sec3_38.jpg,Wooden_thin2	4	7.699999999999999	23.400000000000006	0,11.09834,0	1.4	3	77
68	Images/4326/sec3/sec3_39.jpg,Wooden_thin2	4	7.699999999999999	39.0	0,11.09834,0	1.4	3	78
69	Images/4326/sec3/sec3_40.jpg,Wooden_thin2	4	7.699999999999999	54.599999999999994	0,11.09834,0	1.4	3	79
70	Images/4326/sec3/sec3_41.jpg,Wooden_thin2	4	7.699999999999999	70.19999999999999	0,11.09834,0	1.4	3	80
71	Images/4326/sec3/sec3_42.jpg,Wooden_thin2	4	7.699999999999999	85.80000000000001	0,11.09834,0	1.4	3	81
72	Images/4326/sec4/sec4_01.jpg,Wooden_thin2	4	7.699999999999999	101.39999999999998	0,11.09834,0	1.4	3	82
73	Images/4326/sec4/sec4_02.jpg,Wooden_thin2	4	7.699999999999999	117.0	0,11.09834,0	1.4	3	83
74	Images/4326/sec4/sec4_03.jpg,Wooden_thin2	4	7.699999999999999	132.59999999999997	0,11.09834,0	1.4	3	84
75	Images/4326/sec4/sec4_04.jpg,Wooden_thin2	4	7.699999999999999	148.2	0,11.09834,0	1.4	3	85
76	Images/4326/sec5/sec5_01.jpg,Wooden_thin2	4	7.699999999999999	163.8	0,11.09834,0	1.4	3	86
