ID	data	wallCenter	wallRight	wallUp	wallFront	x	y	z	size	frameTitle	parent	uniqueCode
1	./Images/3486698/title_panel.png	-25.0,28.656,12	0,0,1	0,1,0	-1,0,0	0	-2.600999	0.2	1.4	none(caption)	4:3	22
1	./Images/3486698/title_panel.png	-25.0,28.656,12	0,0,1	0,1,0	-1,0,0	0	-2.600999	0.2	1.4	none(caption)	4:3	22
1	./Images/3486698/word_cloud.png	0,38,175.9203947368421	1,0,0	0,1,0	0,0,1	0	5	0.2	4	Wooden_thin2	-1:-1	23
2	Images/3486698/table/fixed_アイスダンス.png	48.75,38,89.47368421052632	0,0,-1	0,1,0	1,0,0	74.56140350877193	0	0.2	1.9070986045973017	Wooden_thin	-1:-1	3
3	Images/3486698/table/fixed_ペア.png	48.75,38,89.47368421052632	0,0,-1	0,1,0	1,0,0	44.73684210526316	0	0.2	1.7963638469110068	Wooden_thin	-1:-1	4
4	Images/3486698/table/fixed_女子シングル.png	48.75,38,89.47368421052632	0,0,-1	0,1,0	1,0,0	14.912280701754383	0	0.2	1.6634821376874527	Wooden_thin	-1:-1	5
5	Images/3486698/table/fixed_最低技術点.png	48.75,38,89.47368421052632	0,0,-1	0,1,0	1,0,0	-14.912280701754383	0	0.2	0.8268195240576689	Wooden_thin	-1:-1	6
6	Images/3486698/table/fixed_男子シングル.png	48.75,38,89.47368421052632	0,0,-1	0,1,0	1,0,0	-44.736842105263165	0	0.2	1.926784783741532	Wooden_thin	-1:-1	7
7	Images/3486698/table/fixed_競技結果.png	48.75,38,89.47368421052632	0,0,-1	0,1,0	1,0,0	-74.56140350877193	0	0.2	0.8268195240576689	Wooden_thin	-1:-1	8
