id	data	x	y	z	theta	size	parent	uniqueCode
1	Images/2814541/sec0/sec0_01.jpg,Wooden_thin2	4	7.699999999999999	-15.600000000000001	0,11.09834,0	1.4	1	19
2	Images/2814541/sec1/sec1_01.jpg,Wooden_thin2	4	7.699999999999999	-1.7763568394002505e-15	0,11.09834,0	1.4	1	20
3	Images/2814541/sec1/sec1_02.jpg,Wooden_thin2	4	7.699999999999999	15.599999999999998	0,11.09834,0	1.4	1	21
4	Images/2814541/sec1/sec1_03.jpg,Wooden_thin2	4	7.699999999999999	-23.4	0,11.09834,0	1.4	2	22
5	Images/2814541/sec1/sec1_04.jpg,Wooden_thin2	4	7.699999999999999	-7.799999999999999	0,11.09834,0	1.4	2	23
6	Images/2814541/sec2/sec2_01.jpg,Wooden_thin2	4	7.699999999999999	7.800000000000001	0,11.09834,0	1.4	2	24
7	Images/2814541/sec3/sec3_01.jpg,Wooden_thin2	4	7.699999999999999	23.4	0,11.09834,0	1.4	2	25
8	Images/2814541/sec3/sec3_02.jpg,Wooden_thin2	4	7.699999999999999	-15.600000000000001	0,11.09834,0	1.4	3	26
9	Images/2814541/sec4/sec4_01.jpg,Wooden_thin2	4	7.699999999999999	-1.7763568394002505e-15	0,11.09834,0	1.4	3	27
