id	data	x	y	z	theta	size	parent	uniqueCode
1	Images/75847/sec0/sec0_01.jpg,Wooden_thin2	4	7.699999999999999	-928.2	0,11.09834,0	1.4	1	8
2	Images/75847/sec0/sec0_02.jpg,Wooden_thin2	4	7.699999999999999	-912.6	0,11.09834,0	1.4	1	9
3	Images/75847/sec1/sec1_01.jpg,Wooden_thin2	4	7.699999999999999	-897.0	0,11.09834,0	1.4	1	10
4	Images/75847/sec1/sec1_02.jpg,Wooden_thin2	4	7.699999999999999	-881.4000000000001	0,11.09834,0	1.4	1	11
5	Images/75847/sec2/sec2_01.jpg,Wooden_thin2	4	7.699999999999999	-865.8000000000001	0,11.09834,0	1.4	1	12
6	Images/75847/sec2/sec2_02.jpg,Wooden_thin2	4	7.699999999999999	-850.2	0,11.09834,0	1.4	1	13
7	Images/75847/sec2/sec2_03.jpg,Wooden_thin2	4	7.699999999999999	-834.6	0,11.09834,0	1.4	1	14
8	Images/75847/sec2/sec2_04.jpg,Wooden_thin2	4	7.699999999999999	-819.0	0,11.09834,0	1.4	1	15
9	Images/75847/sec2/sec2_05.jpg,Wooden_thin2	4	7.699999999999999	-803.4000000000001	0,11.09834,0	1.4	1	16
10	Images/75847/sec2/sec2_06.jpg,Wooden_thin2	4	7.699999999999999	-787.8000000000001	0,11.09834,0	1.4	1	17
11	Images/75847/sec2/sec2_07.jpg,Wooden_thin2	4	7.699999999999999	-772.2	0,11.09834,0	1.4	1	18
12	Images/75847/sec2/sec2_08.jpg,Wooden_thin2	4	7.699999999999999	-756.6	0,11.09834,0	1.4	1	19
13	Images/75847/sec2/sec2_09.jpg,Wooden_thin2	4	7.699999999999999	-741.0	0,11.09834,0	1.4	1	20
14	Images/75847/sec3/sec3_01.jpg,Wooden_thin2	4	7.699999999999999	-725.4000000000001	0,11.09834,0	1.4	1	21
15	Images/75847/sec3/sec3_02.jpg,Wooden_thin2	4	7.699999999999999	-709.8000000000001	0,11.09834,0	1.4	1	22
16	Images/75847/sec3/sec3_03.jpg,Wooden_thin2	4	7.699999999999999	-694.2	0,11.09834,0	1.4	1	23
17	Images/75847/sec3/sec3_04.jpg,Wooden_thin2	4	7.699999999999999	-678.6	0,11.09834,0	1.4	1	24
18	Images/75847/sec3/sec3_05.jpg,Wooden_thin2	4	7.699999999999999	-663.0	0,11.09834,0	1.4	1	25
19	Images/75847/sec3/sec3_06.jpg,Wooden_thin2	4	7.699999999999999	-647.4000000000001	0,11.09834,0	1.4	1	26
20	Images/75847/sec3/sec3_07.jpg,Wooden_thin2	4	7.699999999999999	-631.8000000000001	0,11.09834,0	1.4	1	27
21	Images/75847/sec3/sec3_08.jpg,Wooden_thin2	4	7.699999999999999	-616.2	0,11.09834,0	1.4	1	28
22	Images/75847/sec3/sec3_09.jpg,Wooden_thin2	4	7.699999999999999	-600.6000000000001	0,11.09834,0	1.4	1	29
23	Images/75847/sec3/sec3_10.jpg,Wooden_thin2	4	7.699999999999999	-585.0	0,11.09834,0	1.4	1	30
24	Images/75847/sec3/sec3_11.jpg,Wooden_thin2	4	7.699999999999999	-569.4000000000001	0,11.09834,0	1.4	1	31
25	Images/75847/sec3/sec3_12.jpg,Wooden_thin2	4	7.699999999999999	-553.8000000000001	0,11.09834,0	1.4	1	32
26	Images/75847/sec3/sec3_13.jpg,Wooden_thin2	4	7.699999999999999	-538.2	0,11.09834,0	1.4	1	33
27	Images/75847/sec3/sec3_14.jpg,Wooden_thin2	4	7.699999999999999	-522.6000000000001	0,11.09834,0	1.4	1	34
28	Images/75847/sec3/sec3_15.jpg,Wooden_thin2	4	7.699999999999999	-507.00000000000006	0,11.09834,0	1.4	1	35
29	Images/75847/sec3/sec3_16.jpg,Wooden_thin2	4	7.699999999999999	-491.40000000000003	0,11.09834,0	1.4	1	36
30	Images/75847/sec4/sec4_01.jpg,Wooden_thin2	4	7.699999999999999	-475.80000000000007	0,11.09834,0	1.4	1	37
31	Images/75847/sec4/sec4_02.jpg,Wooden_thin2	4	7.699999999999999	-460.20000000000005	0,11.09834,0	1.4	1	38
32	Images/75847/sec4/sec4_03.jpg,Wooden_thin2	4	7.699999999999999	-444.6000000000001	0,11.09834,0	1.4	1	39
33	Images/75847/sec4/sec4_04.jpg,Wooden_thin2	4	7.699999999999999	-429.00000000000006	0,11.09834,0	1.4	1	40
34	Images/75847/sec4/sec4_05.jpg,Wooden_thin2	4	7.699999999999999	-413.4000000000001	0,11.09834,0	1.4	1	41
35	Images/75847/sec4/sec4_06.jpg,Wooden_thin2	4	7.699999999999999	-397.80000000000007	0,11.09834,0	1.4	1	42
36	Images/75847/sec4/sec4_07.jpg,Wooden_thin2	4	7.699999999999999	-382.20000000000005	0,11.09834,0	1.4	1	43
37	Images/75847/sec4/sec4_08.jpg,Wooden_thin2	4	7.699999999999999	-366.6	0,11.09834,0	1.4	1	44
38	Images/75847/sec4/sec4_09.jpg,Wooden_thin2	4	7.699999999999999	-351.0000000000001	0,11.09834,0	1.4	1	45
39	Images/75847/sec4/sec4_10.jpg,Wooden_thin2	4	7.699999999999999	-335.4000000000001	0,11.09834,0	1.4	1	46
40	Images/75847/sec4/sec4_11.jpg,Wooden_thin2	4	7.699999999999999	-319.80000000000007	0,11.09834,0	1.4	1	47
41	Images/75847/sec4/sec4_12.jpg,Wooden_thin2	4	7.699999999999999	-304.20000000000005	0,11.09834,0	1.4	1	48
42	Images/75847/sec4/sec4_13.jpg,Wooden_thin2	4	7.699999999999999	-288.6	0,11.09834,0	1.4	1	49
43	Images/75847/sec4/sec4_14.jpg,Wooden_thin2	4	7.699999999999999	-273.0000000000001	0,11.09834,0	1.4	1	50
44	Images/75847/sec5/sec5_01.jpg,Wooden_thin2	4	7.699999999999999	-257.4000000000001	0,11.09834,0	1.4	1	51
45	Images/75847/sec5/sec5_02.jpg,Wooden_thin2	4	7.699999999999999	-241.80000000000007	0,11.09834,0	1.4	1	52
46	Images/75847/sec5/sec5_03.jpg,Wooden_thin2	4	7.699999999999999	-226.20000000000005	0,11.09834,0	1.4	1	53
47	Images/75847/sec5/sec5_04.jpg,Wooden_thin2	4	7.699999999999999	-210.60000000000002	0,11.09834,0	1.4	1	54
48	Images/75847/sec5/sec5_05.jpg,Wooden_thin2	4	7.699999999999999	-195.0000000000001	0,11.09834,0	1.4	1	55
49	Images/75847/sec5/sec5_06.jpg,Wooden_thin2	4	7.699999999999999	-179.4000000000001	0,11.09834,0	1.4	1	56
50	Images/75847/sec5/sec5_07.jpg,Wooden_thin2	4	7.699999999999999	-163.80000000000007	0,11.09834,0	1.4	1	57
51	Images/75847/sec5/sec5_08.jpg,Wooden_thin2	4	7.699999999999999	-148.20000000000005	0,11.09834,0	1.4	1	58
52	Images/75847/sec5/sec5_09.jpg,Wooden_thin2	4	7.699999999999999	-132.60000000000002	0,11.09834,0	1.4	1	59
53	Images/75847/sec5/sec5_10.jpg,Wooden_thin2	4	7.699999999999999	-117.00000000000011	0,11.09834,0	1.4	1	60
54	Images/75847/sec5/sec5_11.jpg,Wooden_thin2	4	7.699999999999999	-101.40000000000009	0,11.09834,0	1.4	1	61
55	Images/75847/sec5/sec5_12.jpg,Wooden_thin2	4	7.699999999999999	-85.80000000000007	0,11.09834,0	1.4	1	62
56	Images/75847/sec5/sec5_13.jpg,Wooden_thin2	4	7.699999999999999	-70.20000000000005	0,11.09834,0	1.4	1	63
57	Images/75847/sec5/sec5_14.jpg,Wooden_thin2	4	7.699999999999999	-54.60000000000002	0,11.09834,0	1.4	1	64
58	Images/75847/sec5/sec5_15.jpg,Wooden_thin2	4	7.699999999999999	-39.000000000000114	0,11.09834,0	1.4	1	65
59	Images/75847/sec5/sec5_16.jpg,Wooden_thin2	4	7.699999999999999	-23.40000000000009	0,11.09834,0	1.4	1	66
60	Images/75847/sec5/sec5_17.jpg,Wooden_thin2	4	7.699999999999999	-7.800000000000068	0,11.09834,0	1.4	1	67
61	Images/75847/sec5/sec5_18.jpg,Wooden_thin2	4	7.699999999999999	7.7999999999999545	0,11.09834,0	1.4	1	68
62	Images/75847/sec5/sec5_19.jpg,Wooden_thin2	4	7.699999999999999	23.399999999999977	0,11.09834,0	1.4	1	69
63	Images/75847/sec5/sec5_20.jpg,Wooden_thin2	4	7.699999999999999	38.999999999999886	0,11.09834,0	1.4	1	70
64	Images/75847/sec5/sec5_21.jpg,Wooden_thin2	4	7.699999999999999	54.59999999999991	0,11.09834,0	1.4	1	71
65	Images/75847/sec5/sec5_22.jpg,Wooden_thin2	4	7.699999999999999	70.19999999999993	0,11.09834,0	1.4	1	72
66	Images/75847/sec5/sec5_23.jpg,Wooden_thin2	4	7.699999999999999	85.79999999999995	0,11.09834,0	1.4	1	73
67	Images/75847/sec5/sec5_24.jpg,Wooden_thin2	4	7.699999999999999	101.39999999999986	0,11.09834,0	1.4	1	74
68	Images/75847/sec5/sec5_25.jpg,Wooden_thin2	4	7.699999999999999	117.0	0,11.09834,0	1.4	1	75
69	Images/75847/sec5/sec5_26.jpg,Wooden_thin2	4	7.699999999999999	132.5999999999999	0,11.09834,0	1.4	1	76
70	Images/75847/sec5/sec5_27.jpg,Wooden_thin2	4	7.699999999999999	148.19999999999982	0,11.09834,0	1.4	1	77
71	Images/75847/sec5/sec5_28.jpg,Wooden_thin2	4	7.699999999999999	163.79999999999995	0,11.09834,0	1.4	1	78
72	Images/75847/sec5/sec5_29.jpg,Wooden_thin2	4	7.699999999999999	179.39999999999986	0,11.09834,0	1.4	1	79
73	Images/75847/sec5/sec5_30.jpg,Wooden_thin2	4	7.699999999999999	195.0	0,11.09834,0	1.4	1	80
74	Images/75847/sec5/sec5_31.jpg,Wooden_thin2	4	7.699999999999999	210.5999999999999	0,11.09834,0	1.4	1	81
75	Images/75847/sec5/sec5_32.jpg,Wooden_thin2	4	7.699999999999999	226.19999999999982	0,11.09834,0	1.4	1	82
76	Images/75847/sec6/sec6_01.jpg,Wooden_thin2	4	7.699999999999999	241.79999999999995	0,11.09834,0	1.4	1	83
77	Images/75847/sec6/sec6_02.jpg,Wooden_thin2	4	7.699999999999999	257.39999999999986	0,11.09834,0	1.4	1	84
78	Images/75847/sec6/sec6_03.jpg,Wooden_thin2	4	7.699999999999999	273.0	0,11.09834,0	1.4	1	85
79	Images/75847/sec6/sec6_04.jpg,Wooden_thin2	4	7.699999999999999	288.5999999999999	0,11.09834,0	1.4	1	86
80	Images/75847/sec6/sec6_05.jpg,Wooden_thin2	4	7.699999999999999	304.1999999999998	0,11.09834,0	1.4	1	87
81	Images/75847/sec6/sec6_06.jpg,Wooden_thin2	4	7.699999999999999	319.79999999999995	0,11.09834,0	1.4	1	88
82	Images/75847/sec6/sec6_07.jpg,Wooden_thin2	4	7.699999999999999	335.39999999999986	0,11.09834,0	1.4	1	89
83	Images/75847/sec6/sec6_08.jpg,Wooden_thin2	4	7.699999999999999	351.0	0,11.09834,0	1.4	1	90
84	Images/75847/sec6/sec6_09.jpg,Wooden_thin2	4	7.699999999999999	366.5999999999999	0,11.09834,0	1.4	1	91
85	Images/75847/sec6/sec6_10.jpg,Wooden_thin2	4	7.699999999999999	382.1999999999998	0,11.09834,0	1.4	1	92
86	Images/75847/sec6/sec6_100.jpg,Wooden_thin2	4	7.699999999999999	397.79999999999995	0,11.09834,0	1.4	1	93
87	Images/75847/sec6/sec6_101.jpg,Wooden_thin2	4	7.699999999999999	413.39999999999986	0,11.09834,0	1.4	1	94
88	Images/75847/sec6/sec6_102.jpg,Wooden_thin2	4	7.699999999999999	429.0	0,11.09834,0	1.4	1	95
89	Images/75847/sec6/sec6_103.jpg,Wooden_thin2	4	7.699999999999999	444.5999999999999	0,11.09834,0	1.4	1	96
90	Images/75847/sec6/sec6_104.jpg,Wooden_thin2	4	7.699999999999999	460.1999999999998	0,11.09834,0	1.4	1	97
91	Images/75847/sec6/sec6_105.jpg,Wooden_thin2	4	7.699999999999999	475.79999999999995	0,11.09834,0	1.4	1	98
92	Images/75847/sec6/sec6_106.jpg,Wooden_thin2	4	7.699999999999999	491.39999999999986	0,11.09834,0	1.4	1	99
93	Images/75847/sec6/sec6_107.jpg,Wooden_thin2	4	7.699999999999999	507.0	0,11.09834,0	1.4	1	100
94	Images/75847/sec6/sec6_108.jpg,Wooden_thin2	4	7.699999999999999	522.5999999999999	0,11.09834,0	1.4	1	101
95	Images/75847/sec6/sec6_109.jpg,Wooden_thin2	4	7.699999999999999	538.1999999999998	0,11.09834,0	1.4	1	102
96	Images/75847/sec6/sec6_11.jpg,Wooden_thin2	4	7.699999999999999	553.8	0,11.09834,0	1.4	1	103
97	Images/75847/sec6/sec6_110.jpg,Wooden_thin2	4	7.699999999999999	569.3999999999999	0,11.09834,0	1.4	1	104
98	Images/75847/sec6/sec6_111.jpg,Wooden_thin2	4	7.699999999999999	585.0	0,11.09834,0	1.4	1	105
99	Images/75847/sec6/sec6_112.jpg,Wooden_thin2	4	7.699999999999999	600.5999999999999	0,11.09834,0	1.4	1	106
100	Images/75847/sec6/sec6_113.jpg,Wooden_thin2	4	7.699999999999999	616.1999999999998	0,11.09834,0	1.4	1	107
101	Images/75847/sec6/sec6_114.jpg,Wooden_thin2	4	7.699999999999999	631.8	0,11.09834,0	1.4	1	108
102	Images/75847/sec6/sec6_115.jpg,Wooden_thin2	4	7.699999999999999	647.3999999999999	0,11.09834,0	1.4	1	109
103	Images/75847/sec6/sec6_116.jpg,Wooden_thin2	4	7.699999999999999	663.0	0,11.09834,0	1.4	1	110
104	Images/75847/sec6/sec6_117.jpg,Wooden_thin2	4	7.699999999999999	678.5999999999999	0,11.09834,0	1.4	1	111
105	Images/75847/sec6/sec6_118.jpg,Wooden_thin2	4	7.699999999999999	694.1999999999998	0,11.09834,0	1.4	1	112
106	Images/75847/sec6/sec6_119.jpg,Wooden_thin2	4	7.699999999999999	709.8	0,11.09834,0	1.4	1	113
107	Images/75847/sec6/sec6_12.jpg,Wooden_thin2	4	7.699999999999999	725.3999999999999	0,11.09834,0	1.4	1	114
108	Images/75847/sec6/sec6_120.jpg,Wooden_thin2	4	7.699999999999999	741.0	0,11.09834,0	1.4	1	115
109	Images/75847/sec6/sec6_121.jpg,Wooden_thin2	4	7.699999999999999	756.5999999999999	0,11.09834,0	1.4	1	116
110	Images/75847/sec6/sec6_122.jpg,Wooden_thin2	4	7.699999999999999	772.1999999999998	0,11.09834,0	1.4	1	117
111	Images/75847/sec6/sec6_123.jpg,Wooden_thin2	4	7.699999999999999	787.8	0,11.09834,0	1.4	1	118
112	Images/75847/sec6/sec6_124.jpg,Wooden_thin2	4	7.699999999999999	803.3999999999999	0,11.09834,0	1.4	1	119
113	Images/75847/sec6/sec6_125.jpg,Wooden_thin2	4	7.699999999999999	819.0	0,11.09834,0	1.4	1	120
114	Images/75847/sec6/sec6_126.jpg,Wooden_thin2	4	7.699999999999999	834.5999999999999	0,11.09834,0	1.4	1	121
115	Images/75847/sec6/sec6_127.jpg,Wooden_thin2	4	7.699999999999999	850.1999999999998	0,11.09834,0	1.4	1	122
116	Images/75847/sec6/sec6_128.jpg,Wooden_thin2	4	7.699999999999999	865.8	0,11.09834,0	1.4	1	123
117	Images/75847/sec6/sec6_129.jpg,Wooden_thin2	4	7.699999999999999	881.3999999999999	0,11.09834,0	1.4	1	124
118	Images/75847/sec6/sec6_13.jpg,Wooden_thin2	4	7.699999999999999	897.0	0,11.09834,0	1.4	1	125
119	Images/75847/sec6/sec6_130.jpg,Wooden_thin2	4	7.699999999999999	912.5999999999999	0,11.09834,0	1.4	1	126
120	Images/75847/sec6/sec6_131.jpg,Wooden_thin2	4	7.699999999999999	928.1999999999998	0,11.09834,0	1.4	1	127
121	Images/75847/sec6/sec6_132.jpg,Wooden_thin2	4	7.699999999999999	-920.4	0,11.09834,0	1.4	2	128
122	Images/75847/sec6/sec6_133.jpg,Wooden_thin2	4	7.699999999999999	-904.8	0,11.09834,0	1.4	2	129
123	Images/75847/sec6/sec6_134.jpg,Wooden_thin2	4	7.699999999999999	-889.1999999999999	0,11.09834,0	1.4	2	130
124	Images/75847/sec6/sec6_135.jpg,Wooden_thin2	4	7.699999999999999	-873.6	0,11.09834,0	1.4	2	131
125	Images/75847/sec6/sec6_136.jpg,Wooden_thin2	4	7.699999999999999	-858.0	0,11.09834,0	1.4	2	132
126	Images/75847/sec6/sec6_137.jpg,Wooden_thin2	4	7.699999999999999	-842.4	0,11.09834,0	1.4	2	133
127	Images/75847/sec6/sec6_14.jpg,Wooden_thin2	4	7.699999999999999	-826.8	0,11.09834,0	1.4	2	134
128	Images/75847/sec6/sec6_15.jpg,Wooden_thin2	4	7.699999999999999	-811.1999999999999	0,11.09834,0	1.4	2	135
129	Images/75847/sec6/sec6_16.jpg,Wooden_thin2	4	7.699999999999999	-795.6	0,11.09834,0	1.4	2	136
130	Images/75847/sec6/sec6_17.jpg,Wooden_thin2	4	7.699999999999999	-780.0	0,11.09834,0	1.4	2	137
131	Images/75847/sec6/sec6_18.jpg,Wooden_thin2	4	7.699999999999999	-764.4	0,11.09834,0	1.4	2	138
132	Images/75847/sec6/sec6_19.jpg,Wooden_thin2	4	7.699999999999999	-748.8	0,11.09834,0	1.4	2	139
133	Images/75847/sec6/sec6_20.jpg,Wooden_thin2	4	7.699999999999999	-733.2	0,11.09834,0	1.4	2	140
134	Images/75847/sec6/sec6_21.jpg,Wooden_thin2	4	7.699999999999999	-717.6	0,11.09834,0	1.4	2	141
135	Images/75847/sec6/sec6_22.jpg,Wooden_thin2	4	7.699999999999999	-702.0	0,11.09834,0	1.4	2	142
136	Images/75847/sec6/sec6_23.jpg,Wooden_thin2	4	7.699999999999999	-686.4	0,11.09834,0	1.4	2	143
137	Images/75847/sec6/sec6_24.jpg,Wooden_thin2	4	7.699999999999999	-670.8	0,11.09834,0	1.4	2	144
138	Images/75847/sec6/sec6_25.jpg,Wooden_thin2	4	7.699999999999999	-655.2	0,11.09834,0	1.4	2	145
139	Images/75847/sec6/sec6_26.jpg,Wooden_thin2	4	7.699999999999999	-639.5999999999999	0,11.09834,0	1.4	2	146
140	Images/75847/sec6/sec6_27.jpg,Wooden_thin2	4	7.699999999999999	-624.0	0,11.09834,0	1.4	2	147
141	Images/75847/sec6/sec6_28.jpg,Wooden_thin2	4	7.699999999999999	-608.4	0,11.09834,0	1.4	2	148
142	Images/75847/sec6/sec6_29.jpg,Wooden_thin2	4	7.699999999999999	-592.8	0,11.09834,0	1.4	2	149
143	Images/75847/sec6/sec6_30.jpg,Wooden_thin2	4	7.699999999999999	-577.2	0,11.09834,0	1.4	2	150
144	Images/75847/sec6/sec6_31.jpg,Wooden_thin2	4	7.699999999999999	-561.5999999999999	0,11.09834,0	1.4	2	151
145	Images/75847/sec6/sec6_32.jpg,Wooden_thin2	4	7.699999999999999	-546.0	0,11.09834,0	1.4	2	152
146	Images/75847/sec6/sec6_33.jpg,Wooden_thin2	4	7.699999999999999	-530.4	0,11.09834,0	1.4	2	153
147	Images/75847/sec6/sec6_34.jpg,Wooden_thin2	4	7.699999999999999	-514.8	0,11.09834,0	1.4	2	154
148	Images/75847/sec6/sec6_35.jpg,Wooden_thin2	4	7.699999999999999	-499.2	0,11.09834,0	1.4	2	155
149	Images/75847/sec6/sec6_36.jpg,Wooden_thin2	4	7.699999999999999	-483.59999999999997	0,11.09834,0	1.4	2	156
150	Images/75847/sec6/sec6_37.jpg,Wooden_thin2	4	7.699999999999999	-468.0	0,11.09834,0	1.4	2	157
151	Images/75847/sec6/sec6_38.jpg,Wooden_thin2	4	7.699999999999999	-452.4	0,11.09834,0	1.4	2	158
152	Images/75847/sec6/sec6_39.jpg,Wooden_thin2	4	7.699999999999999	-436.8	0,11.09834,0	1.4	2	159
153	Images/75847/sec6/sec6_40.jpg,Wooden_thin2	4	7.699999999999999	-421.2	0,11.09834,0	1.4	2	160
154	Images/75847/sec6/sec6_41.jpg,Wooden_thin2	4	7.699999999999999	-405.6	0,11.09834,0	1.4	2	161
155	Images/75847/sec6/sec6_42.jpg,Wooden_thin2	4	7.699999999999999	-390.0	0,11.09834,0	1.4	2	162
156	Images/75847/sec6/sec6_43.jpg,Wooden_thin2	4	7.699999999999999	-374.4	0,11.09834,0	1.4	2	163
157	Images/75847/sec6/sec6_44.jpg,Wooden_thin2	4	7.699999999999999	-358.79999999999995	0,11.09834,0	1.4	2	164
158	Images/75847/sec6/sec6_45.jpg,Wooden_thin2	4	7.699999999999999	-343.20000000000005	0,11.09834,0	1.4	2	165
159	Images/75847/sec6/sec6_46.jpg,Wooden_thin2	4	7.699999999999999	-327.6	0,11.09834,0	1.4	2	166
160	Images/75847/sec6/sec6_47.jpg,Wooden_thin2	4	7.699999999999999	-312.0	0,11.09834,0	1.4	2	167
161	Images/75847/sec6/sec6_48.jpg,Wooden_thin2	4	7.699999999999999	-296.4	0,11.09834,0	1.4	2	168
162	Images/75847/sec6/sec6_49.jpg,Wooden_thin2	4	7.699999999999999	-280.79999999999995	0,11.09834,0	1.4	2	169
163	Images/75847/sec6/sec6_50.jpg,Wooden_thin2	4	7.699999999999999	-265.20000000000005	0,11.09834,0	1.4	2	170
164	Images/75847/sec6/sec6_51.jpg,Wooden_thin2	4	7.699999999999999	-249.60000000000002	0,11.09834,0	1.4	2	171
165	Images/75847/sec6/sec6_52.jpg,Wooden_thin2	4	7.699999999999999	-234.0	0,11.09834,0	1.4	2	172
166	Images/75847/sec6/sec6_53.jpg,Wooden_thin2	4	7.699999999999999	-218.39999999999998	0,11.09834,0	1.4	2	173
167	Images/75847/sec6/sec6_54.jpg,Wooden_thin2	4	7.699999999999999	-202.79999999999995	0,11.09834,0	1.4	2	174
168	Images/75847/sec6/sec6_55.jpg,Wooden_thin2	4	7.699999999999999	-187.20000000000005	0,11.09834,0	1.4	2	175
169	Images/75847/sec6/sec6_56.jpg,Wooden_thin2	4	7.699999999999999	-171.60000000000002	0,11.09834,0	1.4	2	176
170	Images/75847/sec6/sec6_57.jpg,Wooden_thin2	4	7.699999999999999	-156.0	0,11.09834,0	1.4	2	177
171	Images/75847/sec6/sec6_58.jpg,Wooden_thin2	4	7.699999999999999	-140.39999999999998	0,11.09834,0	1.4	2	178
172	Images/75847/sec6/sec6_59.jpg,Wooden_thin2	4	7.699999999999999	-124.79999999999995	0,11.09834,0	1.4	2	179
173	Images/75847/sec6/sec6_60.jpg,Wooden_thin2	4	7.699999999999999	-109.20000000000005	0,11.09834,0	1.4	2	180
174	Images/75847/sec6/sec6_61.jpg,Wooden_thin2	4	7.699999999999999	-93.60000000000002	0,11.09834,0	1.4	2	181
175	Images/75847/sec6/sec6_62.jpg,Wooden_thin2	4	7.699999999999999	-78.0	0,11.09834,0	1.4	2	182
176	Images/75847/sec6/sec6_63.jpg,Wooden_thin2	4	7.699999999999999	-62.39999999999998	0,11.09834,0	1.4	2	183
177	Images/75847/sec6/sec6_64.jpg,Wooden_thin2	4	7.699999999999999	-46.799999999999955	0,11.09834,0	1.4	2	184
178	Images/75847/sec6/sec6_65.jpg,Wooden_thin2	4	7.699999999999999	-31.200000000000045	0,11.09834,0	1.4	2	185
179	Images/75847/sec6/sec6_66.jpg,Wooden_thin2	4	7.699999999999999	-15.600000000000023	0,11.09834,0	1.4	2	186
180	Images/75847/sec6/sec6_67.jpg,Wooden_thin2	4	7.699999999999999	0.0	0,11.09834,0	1.4	2	187
181	Images/75847/sec6/sec6_68.jpg,Wooden_thin2	4	7.699999999999999	15.600000000000023	0,11.09834,0	1.4	2	188
182	Images/75847/sec6/sec6_69.jpg,Wooden_thin2	4	7.699999999999999	31.200000000000045	0,11.09834,0	1.4	2	189
183	Images/75847/sec6/sec6_70.jpg,Wooden_thin2	4	7.699999999999999	46.799999999999955	0,11.09834,0	1.4	2	190
184	Images/75847/sec6/sec6_71.jpg,Wooden_thin2	4	7.699999999999999	62.39999999999998	0,11.09834,0	1.4	2	191
185	Images/75847/sec6/sec6_72.jpg,Wooden_thin2	4	7.699999999999999	78.0	0,11.09834,0	1.4	2	192
186	Images/75847/sec6/sec6_73.jpg,Wooden_thin2	4	7.699999999999999	93.60000000000002	0,11.09834,0	1.4	2	193
187	Images/75847/sec6/sec6_74.jpg,Wooden_thin2	4	7.699999999999999	109.19999999999993	0,11.09834,0	1.4	2	194
188	Images/75847/sec6/sec6_75.jpg,Wooden_thin2	4	7.699999999999999	124.80000000000007	0,11.09834,0	1.4	2	195
189	Images/75847/sec6/sec6_76.jpg,Wooden_thin2	4	7.699999999999999	140.39999999999998	0,11.09834,0	1.4	2	196
190	Images/75847/sec6/sec6_77.jpg,Wooden_thin2	4	7.699999999999999	155.9999999999999	0,11.09834,0	1.4	2	197
191	Images/75847/sec6/sec6_78.jpg,Wooden_thin2	4	7.699999999999999	171.60000000000002	0,11.09834,0	1.4	2	198
192	Images/75847/sec6/sec6_79.jpg,Wooden_thin2	4	7.699999999999999	187.19999999999993	0,11.09834,0	1.4	2	199
193	Images/75847/sec6/sec6_80.jpg,Wooden_thin2	4	7.699999999999999	202.80000000000007	0,11.09834,0	1.4	2	200
194	Images/75847/sec6/sec6_81.jpg,Wooden_thin2	4	7.699999999999999	218.39999999999998	0,11.09834,0	1.4	2	201
195	Images/75847/sec6/sec6_82.jpg,Wooden_thin2	4	7.699999999999999	233.9999999999999	0,11.09834,0	1.4	2	202
196	Images/75847/sec6/sec6_83.jpg,Wooden_thin2	4	7.699999999999999	249.60000000000002	0,11.09834,0	1.4	2	203
197	Images/75847/sec6/sec6_84.jpg,Wooden_thin2	4	7.699999999999999	265.19999999999993	0,11.09834,0	1.4	2	204
198	Images/75847/sec6/sec6_85.jpg,Wooden_thin2	4	7.699999999999999	280.80000000000007	0,11.09834,0	1.4	2	205
199	Images/75847/sec6/sec6_86.jpg,Wooden_thin2	4	7.699999999999999	296.4	0,11.09834,0	1.4	2	206
200	Images/75847/sec6/sec6_87.jpg,Wooden_thin2	4	7.699999999999999	311.9999999999999	0,11.09834,0	1.4	2	207
201	Images/75847/sec6/sec6_88.jpg,Wooden_thin2	4	7.699999999999999	327.6	0,11.09834,0	1.4	2	208
202	Images/75847/sec6/sec6_89.jpg,Wooden_thin2	4	7.699999999999999	343.19999999999993	0,11.09834,0	1.4	2	209
203	Images/75847/sec6/sec6_90.jpg,Wooden_thin2	4	7.699999999999999	358.80000000000007	0,11.09834,0	1.4	2	210
204	Images/75847/sec6/sec6_91.jpg,Wooden_thin2	4	7.699999999999999	374.4	0,11.09834,0	1.4	2	211
205	Images/75847/sec6/sec6_92.jpg,Wooden_thin2	4	7.699999999999999	389.9999999999999	0,11.09834,0	1.4	2	212
206	Images/75847/sec6/sec6_93.jpg,Wooden_thin2	4	7.699999999999999	405.6	0,11.09834,0	1.4	2	213
207	Images/75847/sec6/sec6_94.jpg,Wooden_thin2	4	7.699999999999999	421.19999999999993	0,11.09834,0	1.4	2	214
208	Images/75847/sec6/sec6_95.jpg,Wooden_thin2	4	7.699999999999999	436.80000000000007	0,11.09834,0	1.4	2	215
209	Images/75847/sec6/sec6_96.jpg,Wooden_thin2	4	7.699999999999999	452.4	0,11.09834,0	1.4	2	216
210	Images/75847/sec6/sec6_97.jpg,Wooden_thin2	4	7.699999999999999	467.9999999999999	0,11.09834,0	1.4	2	217
211	Images/75847/sec6/sec6_98.jpg,Wooden_thin2	4	7.699999999999999	483.6	0,11.09834,0	1.4	2	218
212	Images/75847/sec6/sec6_99.jpg,Wooden_thin2	4	7.699999999999999	499.19999999999993	0,11.09834,0	1.4	2	219
213	Images/75847/sec7/sec7_01.jpg,Wooden_thin2	4	7.699999999999999	514.8000000000001	0,11.09834,0	1.4	2	220
214	Images/75847/sec7/sec7_02.jpg,Wooden_thin2	4	7.699999999999999	530.4	0,11.09834,0	1.4	2	221
215	Images/75847/sec7/sec7_03.jpg,Wooden_thin2	4	7.699999999999999	545.9999999999999	0,11.09834,0	1.4	2	222
216	Images/75847/sec7/sec7_04.jpg,Wooden_thin2	4	7.699999999999999	561.6	0,11.09834,0	1.4	2	223
217	Images/75847/sec7/sec7_05.jpg,Wooden_thin2	4	7.699999999999999	577.1999999999999	0,11.09834,0	1.4	2	224
218	Images/75847/sec7/sec7_06.jpg,Wooden_thin2	4	7.699999999999999	592.8000000000001	0,11.09834,0	1.4	2	225
219	Images/75847/sec7/sec7_07.jpg,Wooden_thin2	4	7.699999999999999	608.4	0,11.09834,0	1.4	2	226
220	Images/75847/sec7/sec7_08.jpg,Wooden_thin2	4	7.699999999999999	623.9999999999999	0,11.09834,0	1.4	2	227
221	Images/75847/sec7/sec7_09.jpg,Wooden_thin2	4	7.699999999999999	639.6	0,11.09834,0	1.4	2	228
222	Images/75847/sec7/sec7_10.jpg,Wooden_thin2	4	7.699999999999999	655.1999999999999	0,11.09834,0	1.4	2	229
223	Images/75847/sec7/sec7_100.jpg,Wooden_thin2	4	7.699999999999999	670.8000000000001	0,11.09834,0	1.4	2	230
224	Images/75847/sec7/sec7_101.jpg,Wooden_thin2	4	7.699999999999999	686.4	0,11.09834,0	1.4	2	231
225	Images/75847/sec7/sec7_102.jpg,Wooden_thin2	4	7.699999999999999	701.9999999999999	0,11.09834,0	1.4	2	232
226	Images/75847/sec7/sec7_103.jpg,Wooden_thin2	4	7.699999999999999	717.6	0,11.09834,0	1.4	2	233
227	Images/75847/sec7/sec7_104.jpg,Wooden_thin2	4	7.699999999999999	733.1999999999999	0,11.09834,0	1.4	2	234
228	Images/75847/sec7/sec7_105.jpg,Wooden_thin2	4	7.699999999999999	748.8000000000001	0,11.09834,0	1.4	2	235
229	Images/75847/sec7/sec7_106.jpg,Wooden_thin2	4	7.699999999999999	764.4	0,11.09834,0	1.4	2	236
230	Images/75847/sec7/sec7_107.jpg,Wooden_thin2	4	7.699999999999999	779.9999999999999	0,11.09834,0	1.4	2	237
231	Images/75847/sec7/sec7_108.jpg,Wooden_thin2	4	7.699999999999999	795.6	0,11.09834,0	1.4	2	238
232	Images/75847/sec7/sec7_109.jpg,Wooden_thin2	4	7.699999999999999	811.1999999999999	0,11.09834,0	1.4	2	239
233	Images/75847/sec7/sec7_11.jpg,Wooden_thin2	4	7.699999999999999	826.8000000000001	0,11.09834,0	1.4	2	240
234	Images/75847/sec7/sec7_110.jpg,Wooden_thin2	4	7.699999999999999	842.4	0,11.09834,0	1.4	2	241
235	Images/75847/sec7/sec7_111.jpg,Wooden_thin2	4	7.699999999999999	857.9999999999999	0,11.09834,0	1.4	2	242
236	Images/75847/sec7/sec7_12.jpg,Wooden_thin2	4	7.699999999999999	873.6	0,11.09834,0	1.4	2	243
237	Images/75847/sec7/sec7_13.jpg,Wooden_thin2	4	7.699999999999999	889.1999999999999	0,11.09834,0	1.4	2	244
238	Images/75847/sec7/sec7_14.jpg,Wooden_thin2	4	7.699999999999999	904.8000000000001	0,11.09834,0	1.4	2	245
239	Images/75847/sec7/sec7_15.jpg,Wooden_thin2	4	7.699999999999999	920.4	0,11.09834,0	1.4	2	246
240	Images/75847/sec7/sec7_16.jpg,Wooden_thin2	4	7.699999999999999	-928.2	0,11.09834,0	1.4	3	247
241	Images/75847/sec7/sec7_17.jpg,Wooden_thin2	4	7.699999999999999	-912.6	0,11.09834,0	1.4	3	248
242	Images/75847/sec7/sec7_18.jpg,Wooden_thin2	4	7.699999999999999	-897.0	0,11.09834,0	1.4	3	249
243	Images/75847/sec7/sec7_19.jpg,Wooden_thin2	4	7.699999999999999	-881.4000000000001	0,11.09834,0	1.4	3	250
244	Images/75847/sec7/sec7_20.jpg,Wooden_thin2	4	7.699999999999999	-865.8000000000001	0,11.09834,0	1.4	3	251
245	Images/75847/sec7/sec7_21.jpg,Wooden_thin2	4	7.699999999999999	-850.2	0,11.09834,0	1.4	3	252
246	Images/75847/sec7/sec7_22.jpg,Wooden_thin2	4	7.699999999999999	-834.6	0,11.09834,0	1.4	3	253
247	Images/75847/sec7/sec7_23.jpg,Wooden_thin2	4	7.699999999999999	-819.0	0,11.09834,0	1.4	3	254
248	Images/75847/sec7/sec7_24.jpg,Wooden_thin2	4	7.699999999999999	-803.4000000000001	0,11.09834,0	1.4	3	255
249	Images/75847/sec7/sec7_25.jpg,Wooden_thin2	4	7.699999999999999	-787.8000000000001	0,11.09834,0	1.4	3	256
250	Images/75847/sec7/sec7_26.jpg,Wooden_thin2	4	7.699999999999999	-772.2	0,11.09834,0	1.4	3	257
251	Images/75847/sec7/sec7_27.jpg,Wooden_thin2	4	7.699999999999999	-756.6	0,11.09834,0	1.4	3	258
252	Images/75847/sec7/sec7_28.jpg,Wooden_thin2	4	7.699999999999999	-741.0	0,11.09834,0	1.4	3	259
253	Images/75847/sec7/sec7_29.jpg,Wooden_thin2	4	7.699999999999999	-725.4000000000001	0,11.09834,0	1.4	3	260
254	Images/75847/sec7/sec7_30.jpg,Wooden_thin2	4	7.699999999999999	-709.8000000000001	0,11.09834,0	1.4	3	261
255	Images/75847/sec7/sec7_31.jpg,Wooden_thin2	4	7.699999999999999	-694.2	0,11.09834,0	1.4	3	262
256	Images/75847/sec7/sec7_32.jpg,Wooden_thin2	4	7.699999999999999	-678.6	0,11.09834,0	1.4	3	263
257	Images/75847/sec7/sec7_33.jpg,Wooden_thin2	4	7.699999999999999	-663.0	0,11.09834,0	1.4	3	264
258	Images/75847/sec7/sec7_34.jpg,Wooden_thin2	4	7.699999999999999	-647.4000000000001	0,11.09834,0	1.4	3	265
259	Images/75847/sec7/sec7_35.jpg,Wooden_thin2	4	7.699999999999999	-631.8000000000001	0,11.09834,0	1.4	3	266
260	Images/75847/sec7/sec7_36.jpg,Wooden_thin2	4	7.699999999999999	-616.2	0,11.09834,0	1.4	3	267
261	Images/75847/sec7/sec7_37.jpg,Wooden_thin2	4	7.699999999999999	-600.6000000000001	0,11.09834,0	1.4	3	268
262	Images/75847/sec7/sec7_38.jpg,Wooden_thin2	4	7.699999999999999	-585.0	0,11.09834,0	1.4	3	269
263	Images/75847/sec7/sec7_39.jpg,Wooden_thin2	4	7.699999999999999	-569.4000000000001	0,11.09834,0	1.4	3	270
264	Images/75847/sec7/sec7_40.jpg,Wooden_thin2	4	7.699999999999999	-553.8000000000001	0,11.09834,0	1.4	3	271
265	Images/75847/sec7/sec7_41.jpg,Wooden_thin2	4	7.699999999999999	-538.2	0,11.09834,0	1.4	3	272
266	Images/75847/sec7/sec7_42.jpg,Wooden_thin2	4	7.699999999999999	-522.6000000000001	0,11.09834,0	1.4	3	273
267	Images/75847/sec7/sec7_43.jpg,Wooden_thin2	4	7.699999999999999	-507.00000000000006	0,11.09834,0	1.4	3	274
268	Images/75847/sec7/sec7_44.jpg,Wooden_thin2	4	7.699999999999999	-491.40000000000003	0,11.09834,0	1.4	3	275
269	Images/75847/sec7/sec7_45.jpg,Wooden_thin2	4	7.699999999999999	-475.80000000000007	0,11.09834,0	1.4	3	276
270	Images/75847/sec7/sec7_46.jpg,Wooden_thin2	4	7.699999999999999	-460.20000000000005	0,11.09834,0	1.4	3	277
271	Images/75847/sec7/sec7_47.jpg,Wooden_thin2	4	7.699999999999999	-444.6000000000001	0,11.09834,0	1.4	3	278
272	Images/75847/sec7/sec7_48.jpg,Wooden_thin2	4	7.699999999999999	-429.00000000000006	0,11.09834,0	1.4	3	279
273	Images/75847/sec7/sec7_49.jpg,Wooden_thin2	4	7.699999999999999	-413.4000000000001	0,11.09834,0	1.4	3	280
274	Images/75847/sec7/sec7_50.jpg,Wooden_thin2	4	7.699999999999999	-397.80000000000007	0,11.09834,0	1.4	3	281
275	Images/75847/sec7/sec7_51.jpg,Wooden_thin2	4	7.699999999999999	-382.20000000000005	0,11.09834,0	1.4	3	282
276	Images/75847/sec7/sec7_52.jpg,Wooden_thin2	4	7.699999999999999	-366.6	0,11.09834,0	1.4	3	283
277	Images/75847/sec7/sec7_53.jpg,Wooden_thin2	4	7.699999999999999	-351.0000000000001	0,11.09834,0	1.4	3	284
278	Images/75847/sec7/sec7_54.jpg,Wooden_thin2	4	7.699999999999999	-335.4000000000001	0,11.09834,0	1.4	3	285
279	Images/75847/sec7/sec7_55.jpg,Wooden_thin2	4	7.699999999999999	-319.80000000000007	0,11.09834,0	1.4	3	286
280	Images/75847/sec7/sec7_56.jpg,Wooden_thin2	4	7.699999999999999	-304.20000000000005	0,11.09834,0	1.4	3	287
281	Images/75847/sec7/sec7_57.jpg,Wooden_thin2	4	7.699999999999999	-288.6	0,11.09834,0	1.4	3	288
282	Images/75847/sec7/sec7_58.jpg,Wooden_thin2	4	7.699999999999999	-273.0000000000001	0,11.09834,0	1.4	3	289
283	Images/75847/sec7/sec7_59.jpg,Wooden_thin2	4	7.699999999999999	-257.4000000000001	0,11.09834,0	1.4	3	290
284	Images/75847/sec7/sec7_60.jpg,Wooden_thin2	4	7.699999999999999	-241.80000000000007	0,11.09834,0	1.4	3	291
285	Images/75847/sec7/sec7_61.jpg,Wooden_thin2	4	7.699999999999999	-226.20000000000005	0,11.09834,0	1.4	3	292
286	Images/75847/sec7/sec7_62.jpg,Wooden_thin2	4	7.699999999999999	-210.60000000000002	0,11.09834,0	1.4	3	293
287	Images/75847/sec7/sec7_63.jpg,Wooden_thin2	4	7.699999999999999	-195.0000000000001	0,11.09834,0	1.4	3	294
288	Images/75847/sec7/sec7_64.jpg,Wooden_thin2	4	7.699999999999999	-179.4000000000001	0,11.09834,0	1.4	3	295
289	Images/75847/sec7/sec7_65.jpg,Wooden_thin2	4	7.699999999999999	-163.80000000000007	0,11.09834,0	1.4	3	296
290	Images/75847/sec7/sec7_66.jpg,Wooden_thin2	4	7.699999999999999	-148.20000000000005	0,11.09834,0	1.4	3	297
291	Images/75847/sec7/sec7_67.jpg,Wooden_thin2	4	7.699999999999999	-132.60000000000002	0,11.09834,0	1.4	3	298
292	Images/75847/sec7/sec7_68.jpg,Wooden_thin2	4	7.699999999999999	-117.00000000000011	0,11.09834,0	1.4	3	299
293	Images/75847/sec7/sec7_69.jpg,Wooden_thin2	4	7.699999999999999	-101.40000000000009	0,11.09834,0	1.4	3	300
294	Images/75847/sec7/sec7_70.jpg,Wooden_thin2	4	7.699999999999999	-85.80000000000007	0,11.09834,0	1.4	3	301
295	Images/75847/sec7/sec7_71.jpg,Wooden_thin2	4	7.699999999999999	-70.20000000000005	0,11.09834,0	1.4	3	302
296	Images/75847/sec7/sec7_72.jpg,Wooden_thin2	4	7.699999999999999	-54.60000000000002	0,11.09834,0	1.4	3	303
297	Images/75847/sec7/sec7_73.jpg,Wooden_thin2	4	7.699999999999999	-39.000000000000114	0,11.09834,0	1.4	3	304
298	Images/75847/sec7/sec7_74.jpg,Wooden_thin2	4	7.699999999999999	-23.40000000000009	0,11.09834,0	1.4	3	305
299	Images/75847/sec7/sec7_75.jpg,Wooden_thin2	4	7.699999999999999	-7.800000000000068	0,11.09834,0	1.4	3	306
300	Images/75847/sec7/sec7_76.jpg,Wooden_thin2	4	7.699999999999999	7.7999999999999545	0,11.09834,0	1.4	3	307
301	Images/75847/sec7/sec7_77.jpg,Wooden_thin2	4	7.699999999999999	23.399999999999977	0,11.09834,0	1.4	3	308
302	Images/75847/sec7/sec7_78.jpg,Wooden_thin2	4	7.699999999999999	38.999999999999886	0,11.09834,0	1.4	3	309
303	Images/75847/sec7/sec7_79.jpg,Wooden_thin2	4	7.699999999999999	54.59999999999991	0,11.09834,0	1.4	3	310
304	Images/75847/sec7/sec7_80.jpg,Wooden_thin2	4	7.699999999999999	70.19999999999993	0,11.09834,0	1.4	3	311
305	Images/75847/sec7/sec7_81.jpg,Wooden_thin2	4	7.699999999999999	85.79999999999995	0,11.09834,0	1.4	3	312
306	Images/75847/sec7/sec7_82.jpg,Wooden_thin2	4	7.699999999999999	101.39999999999986	0,11.09834,0	1.4	3	313
307	Images/75847/sec7/sec7_83.jpg,Wooden_thin2	4	7.699999999999999	117.0	0,11.09834,0	1.4	3	314
308	Images/75847/sec7/sec7_84.jpg,Wooden_thin2	4	7.699999999999999	132.5999999999999	0,11.09834,0	1.4	3	315
309	Images/75847/sec7/sec7_85.jpg,Wooden_thin2	4	7.699999999999999	148.19999999999982	0,11.09834,0	1.4	3	316
310	Images/75847/sec7/sec7_86.jpg,Wooden_thin2	4	7.699999999999999	163.79999999999995	0,11.09834,0	1.4	3	317
311	Images/75847/sec7/sec7_87.jpg,Wooden_thin2	4	7.699999999999999	179.39999999999986	0,11.09834,0	1.4	3	318
312	Images/75847/sec7/sec7_88.jpg,Wooden_thin2	4	7.699999999999999	195.0	0,11.09834,0	1.4	3	319
313	Images/75847/sec7/sec7_89.jpg,Wooden_thin2	4	7.699999999999999	210.5999999999999	0,11.09834,0	1.4	3	320
314	Images/75847/sec7/sec7_90.jpg,Wooden_thin2	4	7.699999999999999	226.19999999999982	0,11.09834,0	1.4	3	321
315	Images/75847/sec7/sec7_91.jpg,Wooden_thin2	4	7.699999999999999	241.79999999999995	0,11.09834,0	1.4	3	322
316	Images/75847/sec7/sec7_92.jpg,Wooden_thin2	4	7.699999999999999	257.39999999999986	0,11.09834,0	1.4	3	323
317	Images/75847/sec7/sec7_93.jpg,Wooden_thin2	4	7.699999999999999	273.0	0,11.09834,0	1.4	3	324
318	Images/75847/sec7/sec7_94.jpg,Wooden_thin2	4	7.699999999999999	288.5999999999999	0,11.09834,0	1.4	3	325
319	Images/75847/sec7/sec7_95.jpg,Wooden_thin2	4	7.699999999999999	304.1999999999998	0,11.09834,0	1.4	3	326
320	Images/75847/sec7/sec7_96.jpg,Wooden_thin2	4	7.699999999999999	319.79999999999995	0,11.09834,0	1.4	3	327
321	Images/75847/sec7/sec7_97.jpg,Wooden_thin2	4	7.699999999999999	335.39999999999986	0,11.09834,0	1.4	3	328
322	Images/75847/sec7/sec7_98.jpg,Wooden_thin2	4	7.699999999999999	351.0	0,11.09834,0	1.4	3	329
323	Images/75847/sec7/sec7_99.jpg,Wooden_thin2	4	7.699999999999999	366.5999999999999	0,11.09834,0	1.4	3	330
324	Images/75847/sec8/sec8_01.jpg,Wooden_thin2	4	7.699999999999999	382.1999999999998	0,11.09834,0	1.4	3	331
325	Images/75847/sec8/sec8_02.jpg,Wooden_thin2	4	7.699999999999999	397.79999999999995	0,11.09834,0	1.4	3	332
326	Images/75847/sec8/sec8_03.jpg,Wooden_thin2	4	7.699999999999999	413.39999999999986	0,11.09834,0	1.4	3	333
327	Images/75847/sec8/sec8_04.jpg,Wooden_thin2	4	7.699999999999999	429.0	0,11.09834,0	1.4	3	334
328	Images/75847/sec8/sec8_05.jpg,Wooden_thin2	4	7.699999999999999	444.5999999999999	0,11.09834,0	1.4	3	335
329	Images/75847/sec8/sec8_06.jpg,Wooden_thin2	4	7.699999999999999	460.1999999999998	0,11.09834,0	1.4	3	336
330	Images/75847/sec8/sec8_07.jpg,Wooden_thin2	4	7.699999999999999	475.79999999999995	0,11.09834,0	1.4	3	337
331	Images/75847/sec8/sec8_08.jpg,Wooden_thin2	4	7.699999999999999	491.39999999999986	0,11.09834,0	1.4	3	338
332	Images/75847/sec8/sec8_09.jpg,Wooden_thin2	4	7.699999999999999	507.0	0,11.09834,0	1.4	3	339
333	Images/75847/sec8/sec8_10.jpg,Wooden_thin2	4	7.699999999999999	522.5999999999999	0,11.09834,0	1.4	3	340
334	Images/75847/sec8/sec8_11.jpg,Wooden_thin2	4	7.699999999999999	538.1999999999998	0,11.09834,0	1.4	3	341
335	Images/75847/sec8/sec8_12.jpg,Wooden_thin2	4	7.699999999999999	553.8	0,11.09834,0	1.4	3	342
336	Images/75847/sec8/sec8_13.jpg,Wooden_thin2	4	7.699999999999999	569.3999999999999	0,11.09834,0	1.4	3	343
337	Images/75847/sec8/sec8_14.jpg,Wooden_thin2	4	7.699999999999999	585.0	0,11.09834,0	1.4	3	344
338	Images/75847/sec8/sec8_15.jpg,Wooden_thin2	4	7.699999999999999	600.5999999999999	0,11.09834,0	1.4	3	345
339	Images/75847/sec9/sec9_01.jpg,Wooden_thin2	4	7.699999999999999	616.1999999999998	0,11.09834,0	1.4	3	346
340	Images/75847/sec10/sec10_01.jpg,Wooden_thin2	4	7.699999999999999	631.8	0,11.09834,0	1.4	3	347
341	Images/75847/sec10/sec10_02.jpg,Wooden_thin2	4	7.699999999999999	647.3999999999999	0,11.09834,0	1.4	3	348
342	Images/75847/sec10/sec10_03.jpg,Wooden_thin2	4	7.699999999999999	663.0	0,11.09834,0	1.4	3	349
343	Images/75847/sec10/sec10_04.jpg,Wooden_thin2	4	7.699999999999999	678.5999999999999	0,11.09834,0	1.4	3	350
344	Images/75847/sec10/sec10_05.jpg,Wooden_thin2	4	7.699999999999999	694.1999999999998	0,11.09834,0	1.4	3	351
345	Images/75847/sec10/sec10_06.jpg,Wooden_thin2	4	7.699999999999999	709.8	0,11.09834,0	1.4	3	352
346	Images/75847/sec10/sec10_07.jpg,Wooden_thin2	4	7.699999999999999	725.3999999999999	0,11.09834,0	1.4	3	353
347	Images/75847/sec10/sec10_08.jpg,Wooden_thin2	4	7.699999999999999	741.0	0,11.09834,0	1.4	3	354
348	Images/75847/sec10/sec10_09.jpg,Wooden_thin2	4	7.699999999999999	756.5999999999999	0,11.09834,0	1.4	3	355
349	Images/75847/sec10/sec10_10.jpg,Wooden_thin2	4	7.699999999999999	772.1999999999998	0,11.09834,0	1.4	3	356
350	Images/75847/sec10/sec10_11.jpg,Wooden_thin2	4	7.699999999999999	787.8	0,11.09834,0	1.4	3	357
351	Images/75847/sec10/sec10_12.jpg,Wooden_thin2	4	7.699999999999999	803.3999999999999	0,11.09834,0	1.4	3	358
352	Images/75847/sec10/sec10_13.jpg,Wooden_thin2	4	7.699999999999999	819.0	0,11.09834,0	1.4	3	359
353	Images/75847/sec10/sec10_14.jpg,Wooden_thin2	4	7.699999999999999	834.5999999999999	0,11.09834,0	1.4	3	360
354	Images/75847/sec10/sec10_15.jpg,Wooden_thin2	4	7.699999999999999	850.1999999999998	0,11.09834,0	1.4	3	361
355	Images/75847/sec10/sec10_16.jpg,Wooden_thin2	4	7.699999999999999	865.8	0,11.09834,0	1.4	3	362
356	Images/75847/sec11/sec11_01.jpg,Wooden_thin2	4	7.699999999999999	881.3999999999999	0,11.09834,0	1.4	3	363
357	Images/75847/sec11/sec11_02.jpg,Wooden_thin2	4	7.699999999999999	897.0	0,11.09834,0	1.4	3	364
358	Images/75847/sec12/sec12_01.jpg,Wooden_thin2	4	7.699999999999999	912.5999999999999	0,11.09834,0	1.4	3	365
359	Images/75847/sec12/sec12_02.jpg,Wooden_thin2	4	7.699999999999999	928.1999999999998	0,11.09834,0	1.4	3	366
