id	data	x	y	z	theta	size	parent	uniqueCode
1	Images/37566/sec0/sec0_01.jpg,Wooden_thin2	4	7.699999999999999	-117.0	0,11.09834,0	1.4	1	10
2	Images/37566/sec1/sec1_01.jpg,Wooden_thin2	4	7.699999999999999	-101.4	0,11.09834,0	1.4	1	11
3	Images/37566/sec1/sec1_02.jpg,Wooden_thin2	4	7.699999999999999	-85.8	0,11.09834,0	1.4	1	12
4	Images/37566/sec2/sec2_01.jpg,Wooden_thin2	4	7.699999999999999	-70.2	0,11.09834,0	1.4	1	13
5	Images/37566/sec3/sec3_01.jpg,Wooden_thin2	4	7.699999999999999	-54.6	0,11.09834,0	1.4	1	14
6	Images/37566/sec3/sec3_02.jpg,Wooden_thin2	4	7.699999999999999	-39.0	0,11.09834,0	1.4	1	15
7	Images/37566/sec3/sec3_03.jpg,Wooden_thin2	4	7.699999999999999	-23.400000000000006	0,11.09834,0	1.4	1	16
8	Images/37566/sec3/sec3_04.jpg,Wooden_thin2	4	7.699999999999999	-7.799999999999997	0,11.09834,0	1.4	1	17
9	Images/37566/sec3/sec3_05.jpg,Wooden_thin2	4	7.699999999999999	7.799999999999997	0,11.09834,0	1.4	1	18
10	Images/37566/sec3/sec3_06.jpg,Wooden_thin2	4	7.699999999999999	23.400000000000006	0,11.09834,0	1.4	1	19
11	Images/37566/sec3/sec3_07.jpg,Wooden_thin2	4	7.699999999999999	39.0	0,11.09834,0	1.4	1	20
12	Images/37566/sec3/sec3_08.jpg,Wooden_thin2	4	7.699999999999999	54.599999999999994	0,11.09834,0	1.4	1	21
13	Images/37566/sec3/sec3_09.jpg,Wooden_thin2	4	7.699999999999999	70.19999999999999	0,11.09834,0	1.4	1	22
14	Images/37566/sec3/sec3_10.jpg,Wooden_thin2	4	7.699999999999999	85.79999999999998	0,11.09834,0	1.4	1	23
15	Images/37566/sec3/sec3_11.jpg,Wooden_thin2	4	7.699999999999999	101.4	0,11.09834,0	1.4	1	24
16	Images/37566/sec3/sec3_12.jpg,Wooden_thin2	4	7.699999999999999	117.0	0,11.09834,0	1.4	1	25
17	Images/37566/sec3/sec3_13.jpg,Wooden_thin2	4	7.699999999999999	-124.80000000000001	0,11.09834,0	1.4	2	26
18	Images/37566/sec3/sec3_14.jpg,Wooden_thin2	4	7.699999999999999	-109.20000000000002	0,11.09834,0	1.4	2	27
19	Images/37566/sec3/sec3_15.jpg,Wooden_thin2	4	7.699999999999999	-93.60000000000001	0,11.09834,0	1.4	2	28
20	Images/37566/sec3/sec3_16.jpg,Wooden_thin2	4	7.699999999999999	-78.00000000000001	0,11.09834,0	1.4	2	29
21	Images/37566/sec4/sec4_01.jpg,Wooden_thin2	4	7.699999999999999	-62.40000000000001	0,11.09834,0	1.4	2	30
22	Images/37566/sec5/sec5_01.jpg,Wooden_thin2	4	7.699999999999999	-46.80000000000001	0,11.09834,0	1.4	2	31
23	Images/37566/sec5/sec5_02.jpg,Wooden_thin2	4	7.699999999999999	-31.200000000000017	0,11.09834,0	1.4	2	32
24	Images/37566/sec5/sec5_03.jpg,Wooden_thin2	4	7.699999999999999	-15.600000000000009	0,11.09834,0	1.4	2	33
25	Images/37566/sec6/sec6_01.jpg,Wooden_thin2	4	7.699999999999999	-1.4210854715202004e-14	0,11.09834,0	1.4	2	34
26	Images/37566/sec7/sec7_01.jpg,Wooden_thin2	4	7.699999999999999	15.599999999999994	0,11.09834,0	1.4	2	35
27	Images/37566/sec8/sec8_01.jpg,Wooden_thin2	4	7.699999999999999	31.19999999999999	0,11.09834,0	1.4	2	36
28	Images/37566/sec8/sec8_02.jpg,Wooden_thin2	4	7.699999999999999	46.79999999999998	0,11.09834,0	1.4	2	37
29	Images/37566/sec9/sec9_01.jpg,Wooden_thin2	4	7.699999999999999	62.39999999999998	0,11.09834,0	1.4	2	38
30	Images/37566/sec10/sec10_01.jpg,Wooden_thin2	4	7.699999999999999	77.99999999999997	0,11.09834,0	1.4	2	39
31	Images/37566/sec10/sec10_02.jpg,Wooden_thin2	4	7.699999999999999	93.6	0,11.09834,0	1.4	2	40
32	Images/37566/sec11/sec11_01.jpg,Wooden_thin2	4	7.699999999999999	109.19999999999999	0,11.09834,0	1.4	2	41
33	Images/37566/sec11/sec11_02.jpg,Wooden_thin2	4	7.699999999999999	124.79999999999998	0,11.09834,0	1.4	2	42
34	Images/37566/sec11/sec11_03.jpg,Wooden_thin2	4	7.699999999999999	-117.0	0,11.09834,0	1.4	3	43
35	Images/37566/sec11/sec11_04.jpg,Wooden_thin2	4	7.699999999999999	-101.4	0,11.09834,0	1.4	3	44
36	Images/37566/sec11/sec11_05.jpg,Wooden_thin2	4	7.699999999999999	-85.8	0,11.09834,0	1.4	3	45
37	Images/37566/sec11/sec11_06.jpg,Wooden_thin2	4	7.699999999999999	-70.2	0,11.09834,0	1.4	3	46
38	Images/37566/sec12/sec12_01.jpg,Wooden_thin2	4	7.699999999999999	-54.6	0,11.09834,0	1.4	3	47
39	Images/37566/sec13/sec13_01.jpg,Wooden_thin2	4	7.699999999999999	-39.0	0,11.09834,0	1.4	3	48
40	Images/37566/sec14/sec14_01.jpg,Wooden_thin2	4	7.699999999999999	-23.400000000000006	0,11.09834,0	1.4	3	49
41	Images/37566/sec14/sec14_02.jpg,Wooden_thin2	4	7.699999999999999	-7.799999999999997	0,11.09834,0	1.4	3	50
42	Images/37566/sec15/sec15_01.jpg,Wooden_thin2	4	7.699999999999999	7.799999999999997	0,11.09834,0	1.4	3	51
43	Images/37566/sec15/sec15_02.jpg,Wooden_thin2	4	7.699999999999999	23.400000000000006	0,11.09834,0	1.4	3	52
44	Images/37566/sec15/sec15_03.jpg,Wooden_thin2	4	7.699999999999999	39.0	0,11.09834,0	1.4	3	53
45	Images/37566/sec15/sec15_04.jpg,Wooden_thin2	4	7.699999999999999	54.599999999999994	0,11.09834,0	1.4	3	54
46	Images/37566/sec15/sec15_05.jpg,Wooden_thin2	4	7.699999999999999	70.19999999999999	0,11.09834,0	1.4	3	55
47	Images/37566/sec15/sec15_06.jpg,Wooden_thin2	4	7.699999999999999	85.79999999999998	0,11.09834,0	1.4	3	56
48	Images/37566/sec16/sec16_01.jpg,Wooden_thin2	4	7.699999999999999	101.4	0,11.09834,0	1.4	3	57
