id	type	x	y	z	theta	gyokaku	range	spotAngle	intensity	color
1	spot	-181.18421052631578	103.5	176.8	0	0	200	90	1.7	0.8179946120996874,0.904308711931622,0.9945509275097644,1
2	spot	0	103.5	338.7	0	0	200	90	1.7	0.8179946120996874,0.904308711931622,0.9945509275097644,1
3	spot	145.7421052631579	103.5	187.6	0	0	200	90	1.7	0.8179946120996874,0.904308711931622,0.9945509275097644,1
3	spot	-152.79368421052632	103.5	365.3526315789474	40	270	200	25	2.0	0.8179946120996874,0.904308711931622,0.9945509275097644,1
4	spot	-73.89684210526315	103.5	365.3526315789474	40	270	200	25	2.0	0.8179946120996874,0.904308711931622,0.9945509275097644,1
5	spot	5.0	103.5	365.3526315789474	40	270	200	25	2.0	0.8179946120996874,0.904308711931622,0.9945509275097644,1
6	spot	83.8968421052632	103.5	365.3526315789474	40	270	200	25	2.0	0.8179946120996874,0.904308711931622,0.9945509275097644,1
7	spot	152.2421052631579	103.5	215.3684210526316	40	0	200	25	2.0	0.8179946120996874,0.904308711931622,0.9945509275097644,1
8	spot	-76.12105263157895	103.5	211.08258947368424	60	180	200	40	3.6	0.8179946120996874,0.904308711931622,0.9945509275097644,1
