id	data	x	y	z	theta	size	parent	uniqueCode
1	Images/262/sec0/sec0_01.jpg,Wooden_thin2	4	7.699999999999999	-132.6	0,11.09834,0	1.4	1	15
2	Images/262/sec1/sec1_01.jpg,Wooden_thin2	4	7.699999999999999	-117.0	0,11.09834,0	1.4	1	16
3	Images/262/sec1/sec1_02.jpg,Wooden_thin2	4	7.699999999999999	-101.39999999999999	0,11.09834,0	1.4	1	17
4	Images/262/sec2/sec2_01.jpg,Wooden_thin2	4	7.699999999999999	-85.8	0,11.09834,0	1.4	1	18
5	Images/262/sec2/sec2_02.jpg,Wooden_thin2	4	7.699999999999999	-70.19999999999999	0,11.09834,0	1.4	1	19
6	Images/262/sec2/sec2_03.jpg,Wooden_thin2	4	7.699999999999999	-54.599999999999994	0,11.09834,0	1.4	1	20
7	Images/262/sec2/sec2_04.jpg,Wooden_thin2	4	7.699999999999999	-39.0	0,11.09834,0	1.4	1	21
8	Images/262/sec2/sec2_05.jpg,Wooden_thin2	4	7.699999999999999	-23.39999999999999	0,11.09834,0	1.4	1	22
9	Images/262/sec2/sec2_06.jpg,Wooden_thin2	4	7.699999999999999	-7.799999999999997	0,11.09834,0	1.4	1	23
10	Images/262/sec2/sec2_07.jpg,Wooden_thin2	4	7.699999999999999	7.800000000000011	0,11.09834,0	1.4	1	24
11	Images/262/sec2/sec2_08.jpg,Wooden_thin2	4	7.699999999999999	23.400000000000006	0,11.09834,0	1.4	1	25
12	Images/262/sec2/sec2_09.jpg,Wooden_thin2	4	7.699999999999999	39.0	0,11.09834,0	1.4	1	26
13	Images/262/sec2/sec2_10.jpg,Wooden_thin2	4	7.699999999999999	54.599999999999994	0,11.09834,0	1.4	1	27
14	Images/262/sec2/sec2_11.jpg,Wooden_thin2	4	7.699999999999999	70.19999999999999	0,11.09834,0	1.4	1	28
15	Images/262/sec2/sec2_12.jpg,Wooden_thin2	4	7.699999999999999	85.80000000000001	0,11.09834,0	1.4	1	29
16	Images/262/sec2/sec2_13.jpg,Wooden_thin2	4	7.699999999999999	101.4	0,11.09834,0	1.4	1	30
17	Images/262/sec2/sec2_14.jpg,Wooden_thin2	4	7.699999999999999	117.0	0,11.09834,0	1.4	1	31
18	Images/262/sec2/sec2_15.jpg,Wooden_thin2	4	7.699999999999999	132.6	0,11.09834,0	1.4	1	32
19	Images/262/sec2/sec2_16.jpg,Wooden_thin2	4	7.699999999999999	-132.6	0,11.09834,0	1.4	2	33
20	Images/262/sec2/sec2_17.jpg,Wooden_thin2	4	7.699999999999999	-117.0	0,11.09834,0	1.4	2	34
21	Images/262/sec2/sec2_18.jpg,Wooden_thin2	4	7.699999999999999	-101.39999999999999	0,11.09834,0	1.4	2	35
22	Images/262/sec2/sec2_19.jpg,Wooden_thin2	4	7.699999999999999	-85.8	0,11.09834,0	1.4	2	36
23	Images/262/sec3/sec3_01.jpg,Wooden_thin2	4	7.699999999999999	-70.19999999999999	0,11.09834,0	1.4	2	37
24	Images/262/sec4/sec4_01.jpg,Wooden_thin2	4	7.699999999999999	-54.599999999999994	0,11.09834,0	1.4	2	38
25	Images/262/sec4/sec4_02.jpg,Wooden_thin2	4	7.699999999999999	-39.0	0,11.09834,0	1.4	2	39
26	Images/262/sec5/sec5_01.jpg,Wooden_thin2	4	7.699999999999999	-23.39999999999999	0,11.09834,0	1.4	2	40
27	Images/262/sec6/sec6_01.jpg,Wooden_thin2	4	7.699999999999999	-7.799999999999997	0,11.09834,0	1.4	2	41
28	Images/262/sec7/sec7_01.jpg,Wooden_thin2	4	7.699999999999999	7.800000000000011	0,11.09834,0	1.4	2	42
29	Images/262/sec7/sec7_02.jpg,Wooden_thin2	4	7.699999999999999	23.400000000000006	0,11.09834,0	1.4	2	43
30	Images/262/sec8/sec8_01.jpg,Wooden_thin2	4	7.699999999999999	39.0	0,11.09834,0	1.4	2	44
31	Images/262/sec8/sec8_02.jpg,Wooden_thin2	4	7.699999999999999	54.599999999999994	0,11.09834,0	1.4	2	45
32	Images/262/sec8/sec8_03.jpg,Wooden_thin2	4	7.699999999999999	70.19999999999999	0,11.09834,0	1.4	2	46
33	Images/262/sec9/sec9_01.jpg,Wooden_thin2	4	7.699999999999999	85.80000000000001	0,11.09834,0	1.4	2	47
34	Images/262/sec9/sec9_02.jpg,Wooden_thin2	4	7.699999999999999	101.4	0,11.09834,0	1.4	2	48
35	Images/262/sec9/sec9_03.jpg,Wooden_thin2	4	7.699999999999999	117.0	0,11.09834,0	1.4	2	49
36	Images/262/sec10/sec10_01.jpg,Wooden_thin2	4	7.699999999999999	132.6	0,11.09834,0	1.4	2	50
37	Images/262/sec10/sec10_02.jpg,Wooden_thin2	4	7.699999999999999	-132.6	0,11.09834,0	1.4	3	51
38	Images/262/sec10/sec10_03.jpg,Wooden_thin2	4	7.699999999999999	-117.0	0,11.09834,0	1.4	3	52
39	Images/262/sec10/sec10_04.jpg,Wooden_thin2	4	7.699999999999999	-101.39999999999999	0,11.09834,0	1.4	3	53
40	Images/262/sec11/sec11_01.jpg,Wooden_thin2	4	7.699999999999999	-85.8	0,11.09834,0	1.4	3	54
41	Images/262/sec12/sec12_01.jpg,Wooden_thin2	4	7.699999999999999	-70.19999999999999	0,11.09834,0	1.4	3	55
42	Images/262/sec12/sec12_02.jpg,Wooden_thin2	4	7.699999999999999	-54.599999999999994	0,11.09834,0	1.4	3	56
43	Images/262/sec12/sec12_03.jpg,Wooden_thin2	4	7.699999999999999	-39.0	0,11.09834,0	1.4	3	57
44	Images/262/sec12/sec12_04.jpg,Wooden_thin2	4	7.699999999999999	-23.39999999999999	0,11.09834,0	1.4	3	58
45	Images/262/sec13/sec13_01.jpg,Wooden_thin2	4	7.699999999999999	-7.799999999999997	0,11.09834,0	1.4	3	59
46	Images/262/sec13/sec13_02.jpg,Wooden_thin2	4	7.699999999999999	7.800000000000011	0,11.09834,0	1.4	3	60
47	Images/262/sec14/sec14_01.jpg,Wooden_thin2	4	7.699999999999999	23.400000000000006	0,11.09834,0	1.4	3	61
48	Images/262/sec14/sec14_02.jpg,Wooden_thin2	4	7.699999999999999	39.0	0,11.09834,0	1.4	3	62
49	Images/262/sec14/sec14_03.jpg,Wooden_thin2	4	7.699999999999999	54.599999999999994	0,11.09834,0	1.4	3	63
50	Images/262/sec14/sec14_04.jpg,Wooden_thin2	4	7.699999999999999	70.19999999999999	0,11.09834,0	1.4	3	64
51	Images/262/sec15/sec15_01.jpg,Wooden_thin2	4	7.699999999999999	85.80000000000001	0,11.09834,0	1.4	3	65
52	Images/262/sec16/sec16_01.jpg,Wooden_thin2	4	7.699999999999999	101.4	0,11.09834,0	1.4	3	66
