id	type	x	y	z	theta	gyokaku	range	spotAngle	intensity	color
1	spot	-49.81578947368419	103.5	52.0	0	0	200	15	1.7	0.9529077882214154,0.7946653591857246,0.9612867095262974,1
2	spot	0	103.5	89.1	0	0	200	30	1.7	0.9529077882214154,0.7946653591857246,0.9612867095262974,1
3	spot	17.65789473684208	103.5	62.8	0	0	200	15	1.7	0.9529077882214154,0.7946653591857246,0.9612867095262974,1
3	spot	-41.105263157894726	103.5	105.9	40	270	200	25	2.0	0.9529077882214154,0.7946653591857246,0.9612867095262974,1
4	spot	5.0	103.5	105.9	40	270	200	25	2.0	0.9529077882214154,0.7946653591857246,0.9612867095262974,1
5	spot	24.15789473684208	103.5	144.37416000000002	40	0	200	25	2.0	0.9529077882214154,0.7946653591857246,0.9612867095262974,1
6	spot	24.15789473684208	103.5	84.0	40	0	200	25	2.0	0.9529077882214154,0.7946653591857246,0.9612867095262974,1
7	spot	24.15789473684208	103.5	23.625839999999997	40	0	200	25	2.0	0.9529077882214154,0.7946653591857246,0.9612867095262974,1
8	spot	-12.07894736842104	103.5	82.3284	60	180	200	40	3.6	0.9529077882214154,0.7946653591857246,0.9612867095262974,1
